120 2000                  
1 56 14 69 117 12 56 42 96 22 9 5 17 66 6 85 74 37 59 28 11 16 116 73 50 36 53 47 65 27 20 94 24 71 110 112 13 68 29 10 25 82 33 119 15 60 113 91 105 95 30 77 57 87 76 48 111 7 78   
2 42 128 53 120 35 14 109 34 10 60 13 66 119 84 117 93 8 15 48 28 73 103 95 74 36 4 50 102 3 113 21 5 17 106 23 116 9 107 105 82 78 39 22 32 115 100 38 26 12 101 104 67 62 72 16 7 42 25 49 68 64 92 79 52  
3 30 94 59 6 74 102 22 45 24 109 106 67 11 60 12 115 85 7 33 47 100 38 21 119 97 92 69 117 110 54 70 72 113 37 91 111 17 31 29 43 75 77 26 86 32 62 79 28 42 9 44 41 73 94 116 27 14 40 50 5 103 20 104 90 58  
4 69 99 46 49 43 54 72 41 20 80 61 69 119 101 37 106 26 118 92 8 25 23 62 77 32 71 87 14 11 79 95 98 5 9 74 21 24 16 114 93 109 60 13 64 117 90 19 44 28 55 91 39 97 63 94 111 88 31 7 84   
5 56 91 17 103 46 25 20 24 104 8 52 87 36 78 21 76 79 55 9 106 51 111 114 72 65 77 53 92 11 10 54 94 37 90 80 44 39 109 13 45 115 61 59 101 42 58 93 57 68 7 91 27 38 120 60 89 112 63   
6 60 52 8 68 69 49 103 67 96 50 92 45 46 79 118 19 99 74 27 11 72 110 24 85 43 108 31 18 87 111 95 94 97 40 15 30 65 10 60 71 62 89 120 116 34 35 13 29 117 51 86 23 36 80 100 70 7 26 112 32   
7 43 107 33 106 65 103 28 119 34 92 66 104 55 22 56 91 108 116 88 82 32 36 61 54 84 23 79 17 112 9 85 96 50 57 30 59 20 117 75 86 15 63 68 27 76 53 102 42 24 97 21 18 19 115 60 41 100 105 49 74 110 73 47 43 80 48 29 94 
8 60 235 39 73 94 102 62 27 57 56 43 49 17 104 55 99 63 86 106 76 91 14 41 116 30 77 9 85 47 100 45 22 65 10 87 78 74 36 111 13 101 38 81 42 110 51 119 115 40 52 107 24 80 54 44 109 95 18 70   
9 15 55 39 84 76 79 105 102 93 95 85 24 43 108 40 118 63 67 33 11 68 48 71 111 88 23 52 60 78 58 115 49 73 117 101 87 113 106 80 51 12 83 46 72 59 82 70 103 107      
10 108 124 83 99 44 47 22 105 114 42 45 73 71 28 72 56 89 77 108 75 30 84 14 20 35 66 67 39 16 79 26 106 33 69 19 29 100 112 34 119 81 110 27 63 37 43 86 55 24 25 12 58 38 118 80 31 82 18 76 36 103 115 53 21 46 101 109 59 91 117
11 18 169 37 104 55 42 21 40 33 78 13 86 54 24 32 22 83 75 119 63 69 82 15 120 45 31 113 49 102 80 64 85 20 19 95 88 87 103 36 25 115 108 39 48 53 84 116 98 41 107 28 77 89 59 34 38 66 76   
12 40 76 102 72 87 53 113 24 27 82 13 66 63 60 110 93 16 23 90 88 103 38 120 28 94 106 78 29 39 64 114 22 56 104 54 35 40 80 17 25 100 31 111 76 112 109 47 43 55 84 70 57 115 75 83 108    
13 99 138 23 112 55 65 53 119 37 90 38 95 78 57 56 84 102 33 82 98 88 70 73 21 117 18 87 89 76 48 17 74 60 46 118 61 51 107 44 66 71 41 16 94 49 101 40 103 114 30     
14 97 179 108 90 106 63 64 101 57 53 76 41 110 17 69 71 29 103 35 72 113 38 93 49 44 26 54 102 52 56 70 92 95 100 39 87 27 114 46 116 85 117 30 62 40 118 82 109 84      
15 79 104 85 35 54 116 24 58 32 119 19 44 34 86 66 75 38 88 21 52 105 48 56 98 81 41 117 107 110 95 99 26 79 103 25 76 78 45 53 83 46 42 51 100 67 59 49 94 70 101 73     
16 49 81 72 54 18 19 100 101 55 85 92 43 114 56 47 75 74 22 57 71 39 59 98 58 86 48 120 25 102 76 35 68 95 94 41 45 87 70 89 23 84 110 33 44 24 61 64 37 49 90     
17 102 168 67 27 58 50 84 31 42 88 92 20 77 35 41 33 86 120 49 47 119 24 40 68 70 89 60 105 63 83 23 76 52 45 81 74 72 51 61 109 108 110 99 98 90 54 116 55 37 85 59 118 66 93 36 26    
18 65 56 106 105 21 69 59 109 41 47 80 60 96 35 28 31 94 91 75 82 67 30 52 29 24 57 97 40 72 54 23 66 95 33 44 68 38 64 46 25 65 49 76 55 101 84 79 53 114 110 83 116     
19 114 84 109 71 40 110 118 68 77 28 87 70 67 42 35 56 49 53 47 79 100 22 81 52 34 91 66 94 33 114 101 107 62 50 115 85 39 27 51 36 72 25 73 80 37 102 86 61 43 48     
20 99 224 105 45 88 118 73 59 90 70 96 111 85 55 75 93 100 109 112 94 104 84 91 21 69 62 82 46 79 97 48 57 35 33 26 47 71 54 58 107 80 78 51 87 27 120 116 32 52 43     
21 46 237 96 111 59 118 58 35 101 55 83 65 64 61 85 91 89 92 117 54 119 25 29 75 84 104 97 67 22 109 46 69 112 113 115 27 66 95 103 47 43 56 37 68 71       
22 110 201 86 58 77 80 59 96 113 68 26 102 104 54 23 63 92 36 94 89 114 50 37 39 120 84 52 53 85 69 74 32 88 83 61 28 72 49 24 40 60 48 45 41 75 87 115 65 46 25     
23 66 222 86 106 41 109 64 36 111 82 60 46 89 74 120 112 118 110 61 76 103 66 50 90 70 114 30 72 87 108 88 27 56 69 99 26 59 107 95 67 94 73 39 32       
24 96 206 91 109 103 95 43 57 84 68 101 87 33 55 88 60 71 118 104 41 63 66 47 59 108 114 42 100 115 116 27 112 32 94 82 106 26 61 79 81 44 105 50 74 89 72 120 54 58      
25 51 81 26 119 101 114 102 33 88 103 99 71 89 118 36 115 69 43 79 29 116 49 57 32 76 44 35 34 98 80 70 53 67 27 75 37 112 65 42 96 52 94 40 66 30 91 110 84 63      
26 4 126 68 28 119 103 67 86 27 41 98 75 50 105 60 99 85 66 101 95 63 73 30 82 116 34 65 70 96 81 45 48 80 29 64 120 56 91 84 55 93 58 69 114 94 104 78 59 53 71 44 118 46 52    
27 40 92 111 110 119 92 48 39 120 106 31 58 96 101 44 91 85 38 98 109 53 28 108 46 79 116 59 76 93 36 32 82 87 89 49 61 77 103 69 73        
28 23 224 55 90 34 106 102 51 84 42 49 78 107 85 73 120 52 111 117 53 91 83 88 100 59 80 54 44 105 63 70 82 103 50 67 93 64 119 31 99 115 66 45 109 89 108 38 104      
29 86 233 115 67 101 87 109 88 104 34 41 90 35 91 42 66 119 54 64 57 51 116 61 106 43 102 60 100 118 82 105 45 59 52 47 117 49 69 38 75 79 85 83 37 36 46 77      
30 80 123 59 67 57 81 48 101 100 93 88 109 46 105 76 71 60 58 56 97 33 54 44 68 114 75 116 87 45 63 107 90 106 95 102 36 99 77 37 66 49 38 43 39 79 72 113 112 115 74 61 41 51 108 47    
31 93 240 33 93 39 45 49 91 57 107 32 41 83 118 72 110 65 51 66 90 71 102 86 84 75 77 120 37 35 103 70 68 63 74 48 34 64 100 106 87 109 43 67 89 47       
32 75 80 73 92 49 40 48 58 89 55 115 95 46 39 100 34 44 61 47 56 35 64 111 66 60 109 57 86 85 38 104 50 36 79 53 117 106 51 67 96 99 81 88 105 41 101 37      
33 25 157 70 82 44 97 34 112 43 84 49 100 94 83 65 119 54 38 47 41 111 106 71 58 88 76 77 93 46 53 87 85 113 80 56 104 89 95 36 96 102 40 74 57 61       
34 3 239 86 115 46 65 84 89 39 87 118 78 76 74 119 104 66 63 100 112 72 111 55 36 43 38 41 71 64 105 37 49 35 99 52 68 120 75 110 88 77 101 48 94 67 106 93      
35 74 84 48 93 39 36 54 50 76 91 47 116 62 44 56 57 118 68 113 98 117 84 52 83 119 53 99 41 67 66 101 94 90 107 72 78 75         
36 110 153 106 113 77 107 83 73 103 70 112 57 97 119 65 92 63 78 54 41 38 114 76 60 72 37 62 40 81 105 82 89 117 74 51 116 61 99 101 94 110 91       
37 61 196 83 69 64 40 104 106 62 98 50 93 70 41 97 89 84 95 38 51 49 39 60 109 90 119 94 87 72 107 85 46 120 99 80 78 63 73 88 91 82 86 67       
38 42 141 102 105 99 41 53 63 98 54 68 116 65 67 64 71 93 58 95 61 97 66 117 81 119 56 87 73 72 88 83 51 47 82 96 103 114 90 86 110 52 75 57       
39 98 137 104 112 81 91 95 64 101 54 87 108 116 66 113 48 49 47 73 46 43 75 103 60 67 94 109 98 80 59 56 41 57          
40 0 156 112 57 75 61 78 108 77 53 72 80 41 107 118 92 93 67 52 119 91 68 46 88 83 120 79 74 44 82 117 55 102 48 84 47 113         
41 44 214 82 81 89 117 68 112 69 96 62 54 100 106 49 103 86 107 80 90 50 60 79 116 74 105 70 76 83 88 59 114 93 118 98 109 99 61 48 52        
42 93 211 67 116 106 87 79 71 72 102 78 104 82 119 120 64 46 88 44 50 75 74 65 45 92 91 86 73 103 109 57 61 95 49 77 105 113 55 94 58 101 47 43 100 76 99 112 108 96 63     
43 42 182 61 117 86 108 107 63 82 49 78 104 113 102 98 97 105 84 66 110 48 55 53 74 106 120 99 83 69 44 68 73 93 59         
44 40 58 57 97 51 104 119 112 102 59 52 99 106 80 116 94 83 64 95 93 117 79 78 101 114 56 82 85 113 68 65 46 98 96 107         
45 116 139 50 78 109 83 106 93 68 91 120 46 98 88 69 65 87 55 118 99 107 90 77 112 64 85 101 111 108 51 60 114 47 73 103 76 100 105 116 115 54 63       
46 86 191 80 87 102 85 84 88 120 90 94 99 117 109 53 70 48 107 113 68 115 82 93 69 54 118 89 86 119 60 64 100 104 73 71 56 49 112 111        
47 66 88 73 65 52 94 55 98 104 113 51 61 66 68 108 86 101 100 59 71 69 91 97 48 75 85 96 54 63 116 105 56 76 119 93 106 120 84 115 80 112 50       
48 79 56 76 50 88 62 72 94 113 59 64 57 67 65 58 79 55 112 97 98 116 83 74 111 70 89 61 56 93 71 91 107 115 86 96 114 119 118        
49 15 196 80 97 82 114 79 95 88 64 94 102 85 101 87 120 86 104 52 72 74 89 68 81 65 70 53 71 54 118 96 69 111 90 109 92         
50 66 77 105 103 117 109 76 70 115 52 59 96 69 90 74 107 81 86 113 100 84 62 85 75 61 106 58 88 63 79 87 118 65 66 60 114 97 120        
51 28 230 52 77 101 84 111 73 88 55 60 94 69 70 110 68 112 120 98 80 91 74 92 102 72 97 71 66 83 99 89 85 115 59 114 82         
52 35 183 55 118 76 105 97 103 107 88 87 109 98 96 104 80 112 77 65 114 117 86 94 92 70 72 56 81 73 83 66 108 91 90 60 64 57 61 111 62 100        
53 57 228 80 119 77 76 106 87 73 117 68 114 89 92 109 115 118 69 102 111 65 110 85 60 58 62 88 97 66 82 83 107 78 112 74 75         
54 7 157 91 89 100 57 66 84 106 94 120 86 72 115 118 110 108 116 117 112 87 90 79 70 93 102 76 101 81 59 98 88 103 71 114 78 77 69 60 63        
55 69 94 79 76 112 107 95 102 92 68 70 59 89 118 75 65 117 66 84 67 72 90 85 71 77 120 111 63 86 74 101 103 115 88 114 98 58         
56 19 58 73 66 116 109 87 79 106 90 78 65 96 70 68 69 64 113 91 112 88 103 120 67 74 110 105 75 63 115          
57 55 232 115 96 73 98 68 74 100 69 66 86 77 105 67 114 78 70 113 81 79 112 80 116 103 93 85 89 106 101 97 92 83          
58 27 135 86 83 68 91 66 94 77 110 108 63 71 100 62 119 61 80 118 89 105 93 75 74 60 98 97 84 79 95 90 92 78 70 111 106         
59 83 188 68 114 90 107 87 88 64 79 93 112 116 110 76 74 86 91 84 96 117 62 71 100 78 70 120 103 104 108 98 92 69 94 113         
60 54 170 85 73 93 110 65 77 76 89 82 118 68 115 112 67 88 80 96 72 90 63 119 100 108 83 66 71 109           
61 111 163 73 119 100 95 105 74 89 96 109 78 67 84 90 107 101 91 102 94 112 115 99 92 80 114 86 65 82 97 117 111 98 110 83         
62 115 133 90 81 69 108 80 66 75 84 91 83 68 96 67 95 85 113 97 92 94 99 117 87 105 120 112 82 114 72 70 76 98          
63 19 156 108 106 85 104 114 71 68 116 100 80 109 72 110 112 91 76 113 115 88 105 84 74 73 98 70 107 119           
64 110 69 105 117 93 111 78 73 104 107 103 120 94 116 70 109 98 65 91 74 110 95 89 76 106 96 75 100 77 97 102 87 114          
65 2 121 100 104 117 96 103 75 84 91 69 82 97 99 110 94 90 67 107 80 113 72 111 101 71 81 76 66 73 92 118 79 102 78 77 88 68         
66 117 189 101 115 120 93 90 99 67 68 117 107 91 113 74 106 75 77 95 105 83 69 111 110 108 118 97 71 114 103 94 84 87          
67 104 172 102 116 94 98 78 99 79 92 119 76 77 83 118 85 114 97 68 72 88 115 106 82 69 86 103 101 109 120 110          
68 69 222 81 76 72 93 109 104 92 113 114 80 110 102 107 111 84 103 77 98 100 99 86 74 70 95 89 105 97 88 119 101          
69 99 236 80 117 118 74 78 113 75 92 87 73 94 83 97 77 112 89 84 101 82 104 106 72 81 102 95 79 107 116 70 111 115          
70 0 214 115 112 95 120 116 100 89 76 119 93 113 87 86 83 97 99 84 72 96 109 77 94 101 79           
71 61 128 97 81 83 115 114 96 88 110 119 109 91 98 101 72 120 104 118 93 84 90 82 78 89 77 74 116           
72 70 155 85 108 103 86 104 77 119 99 107 101 80 88 74 105 92 112 91 113 81 110            
73 59 174 110 87 85 76 101 114 103 92 98 99 84 82 111 75 119 108 117 104 86 100 113 107 112 120 94 106           
74 55 215 118 101 95 80 92 107 84 91 112 90 97 76 93 79 87 102 82 75 113 119 78 106            
75 119 162 107 120 104 92 91 109 78 82 87 117 80 105 88 86 106 95 99 108 114 102 100 103 83            
76 110 63 87 92 96 89 105 82 116 99 114 84 109 83 94 118 119 113 111 104 78 102            
77 48 155 104 93 109 100 98 114 82 79 89 78 107 112 86 99 103 110 90 105 96 91 83 108 101 85 94 102 92           
78 37 155 110 120 85 111 107 95 117 112 102 94 97 82 96 113 105 108             
79 51 68 102 86 111 93 115 117 92 106 101 108 119 96 94 97 100 113 98 95 85 81 107 88 109 82 104 120 84           
80 102 56 120 106 94 104 119 102 81 93 113 115 92 108 118 86 89 82 99 95 103             
81 43 181 94 89 105 98 95 111 90 118 97 119 120 99 83 102 84 87 113 115 91 108 96 103            
82 22 203 84 94 103 102 108 110 83 99 98 85 86 88 115 107 104 95 93 89 112 109 91            
83 16 144 108 85 111 114 87 98 96 110 86 112 100 107 120 113 84 105 90             
84 48 114 89 104 87 90 105 98 107 86 94 106 93 91 117 114 115 112 113 103 101             
85 112 110 100 88 109 114 108 96 91 112 86 119 90 103 101 92 95 118             
86 17 188 94 110 117 107 104 97 112 96 95 114 105 102 99 87 100              
87 44 122 112 103 108 109 116 96 104 94 117 115 97 99              
88 35 248 108 113 109 104 115 107 99 97 120 93 117 103 118 91              
89 109 228 118 108 94 120 114 105 109 98 115 111 117 107 112 92 119 95 102 96             
90 7 215 108 100 94 109 93 105 102 92 98 99               
91 82 168 99 110 93 103 106 115 104 94 108 117 100 112 113 92 97 107 114 119 109 116 95            
92 3 97 118 101 103 110 94 108 100 115 119 114 99 116 107              
93 97 97 102 94 106 101 117 97 108 116 95 98 115               
94 70 228 115 97 103 109 120 100 117 107               
95 40 71 100 112 105 98 107 103 102 97 109 115 111 116 118 110              
96 109 123 103 97 101 99 107 120 119 104 115 118 109 116 102 113              
97 114 167 109 103 108 100                
98 96 192 116 100 113 105 110 99 101 102 114 109 118 103 112              
99 83 94 110 105 107 106 100                
100 41 152 105 116 113 117 115 119 112                
101 88 156 103 115 104 118 116 109 119 120 102 106               
102 54 127 116 117 110 115 113 118 114 112 120 108 103 111 107              
103 8 56 114 111 104 107 105 112 108 119 120               
104 11 235 105 119 109 111 113 117 112 107 118 116               
105 13 91 108 113 119 107 118 116 111 117               
106 114 123 111 113 115 109 120 108 117 114 118               
107 30 247 114 119 120 118 110 115 113                
108 34 151 114 118 117 119 115                
109 35 227 115 120 112 116 110                
110 118 220 115 112 111 120 116 113 119                
111 55 113 119 118 116 115 112                
112 79 114 114 116 119 120 117 115                
113 94 173 119 118                 
114 78 206 119                 
115 25 178 116 120 119                 
116 68 189 120 119 117                 
117 26 99 120 118 119                 
118 100 205 120                 
119 27 186 120                 
120 58 232                 
                  
