250 1000                                                                  
1 27 168 199 22 245 73 220 82 223 164 139 30 12 209 111 17 83 36 119 71 87 81 59 208 37 227 142 19 234 222 193 187 99 179 180 178 29 60 90 160 184 104 219 102 27 77 20 200 54 42 210 68 15 4 228 74 181 103 120 38 130 39 149 158 147 72 134 108 150 88 110 50 21 226 124 8 171 118 144 97 63 159 140 65 76 75 207 9 53 25 197 183 202 122 167 135 225 250 105 218 203 95 34 6 52 49 66 148 182 232 246 116 143 163 188 28 5 89 192 113 233 247 33 166 231    
2 198 96 167 66 32 46 23 13 60 104 198 20 102 123 158 112 69 208 120 126 203 172 186 201 79 67 209 160 188 233 157 76 114 45 27 197 97 128 43 205 31 65 78 237 98 232 171 150 182 122 116 241 213 74 144 70 44 184 168 7 72 196 148 141 55 204 29 200 136 88 25 192 130 57 224 86 242 134 223 80 174 28 149 143 159 164 216 226 41 63 152 64 177 35 191 24 187 195 132 243 113 49 3 147 26 231 202 18            
3 87 181 243 71 61 42 76 111 56 216 38 211 230 219 45 23 58 40 246 190 172 183 54 233 234 247 96 187 10 184 29 84 204 168 16 167 87 118 79 11 27 46 86 75 32 156 208 153 92 88 85 143 89 28 47 178 72 48 152 33 196 74 67 119 37 39 221 227 109 238 105 249 19 115 158 8 239 114 78 121 228 102 207 4 9 50 209 151 206 139 195 220 64 142 170 157 127 214 93 15 18 212 201 169 17              
4 51 77 61 27 113 121 144 183 28 192 70 228 60 30 157 124 158 208 7 37 177 247 34 245 44 48 130 54 141 31 101 168 33 49 127 242 58 142 150 66 176 22 17 46 25 243 16 68 193 91 195 154 203 72 42 226 104 212 179 232 38 217 55 223 216 170 246 229 155 219 220 95 52 240 86 21 97 171 173 92 36 230 83 98 14 9 114 133 164 115 221 178 162 40 108 205 117 149 90 215 53 78 5 204 56 15 11 81 146 181 122 120 239 222 138 43 111 198 151 180 165 93 211 118 244 129 136 196 235 96 100 225
5 116 182 54 196 127 220 104 41 244 35 92 65 152 135 157 50 18 42 169 221 240 223 214 67 36 81 155 245 118 160 158 145 121 178 204 156 126 86 243 17 61 38 122 142 14 21 82 205 49 130 222 101 64 191 250 43 99 6 77 190 203 161 168 124 164 231 236 136 106 186 59 143 228 218 90 163 108 22 159 20 227 198 139 162 31 146 233 209 87 246 12 25 247 137 88 16 98 93 172 30 234 39 216 174 48 62 165 211 75 68 102 235 26 182 181 74 207 238 239 144 73 188 78 153 206 72 176 96 8  
6 113 79 137 66 21 210 82 164 249 10 174 162 224 227 37 204 250 232 100 74 92 242 139 133 178 128 43 203 27 50 112 93 14 89 86 233 146 44 109 140 63 71 33 159 42 202 186 239 144 243 80 213 53 97 114 169 23 188 165 52 54 134 36 182 223 221 168 13 87 103 22 29 104 248 208 72 129 75 94 154 235 152 32 91 106 16 160 127 183 122 196 34 237 198 143 68 70 181 172 51 62 175 40 171 148 120 199 197 145 28 69 47 9 132 65 240 173 64       
7 41 57 17 75 25 28 97 56 227 99 104 92 78 79 180 206 29 163 19 46 246 108 156 36 131 237 223 196 125 58 161 107 240 238 115 31 171 132 94 142 138 179 170 134 103 229 84 151 176 59 81 87 70 233 116 140 62 149 30 65 21 86 139 143 105 239 146 15 126 45 71 195 220 77 178 101 150 247 85 137 68 202 217 190 221 90 187 20 159 201 42 164 167 112 47 18 129 157 210 22 33 219 236 155 213 216 141 203 200 249 231 12 228 50 83 34 106 91 89 182 110 121 35 67 93    
8 30 77 128 44 34 187 247 50 146 119 120 213 78 226 84 96 64 167 66 85 28 186 27 239 58 241 20 210 37 249 238 212 53 240 95 54 9 188 30 61 197 230 115 14 76 170 15 74 63 163 142 13 68 154 11 36 233 92 134 203 244 201 113 181 246 65 106 158 67 176 121 156 198 136 248 90 207 208 110 101 151 129 183 216 62 192 191 57 218 99 235 171 41 153 102 184 109 206 125 229 39 80 173 118 81 180 138 10 139 23 75 112 59 157 79 205 217 152 145 56 182 98     
9 0 224 67 101 76 221 148 77 241 39 180 172 114 224 171 71 227 63 215 113 59 191 106 233 248 147 202 184 205 229 235 140 123 160 133 197 216 52 230 245 213 20 95 19 126 49 182 109 166 212 112 45 135 91 30 193 150 44 214 130 144 83 156 18 40 138 189 119 249 89 72 64 129 151 223 231 79 234 27 58 28 92 183 196 66 158 240 87 204 105 48 122 207 232 190 86 41 198 108 209 146 210 110 154 131 14 94 194 145 187 29 90 128 81 99 10 120 178 141 162 15 84 228 237    
10 63 97 66 58 180 62 177 34 242 155 233 153 221 79 30 154 240 230 184 250 93 31 73 139 61 45 213 38 141 113 78 190 226 25 92 35 191 14 101 237 100 70 120 72 54 75 133 181 118 81 173 37 156 126 108 22 36 116 158 205 152 83 107 187 142 114 28 64 186 97 143 245 170 183 105 98 85 51 246 150 215 210 207 249 27 228 146 16 244 44 95 202 168 232 110 76 195 209 176 217 159 222 147 19 122 218 238 162 88 55 165 220 96 18 89 197 236 127 151 53 231 40 57 131 60 13   
11 142 199 190 131 110 102 221 126 141 117 241 226 40 122 219 147 62 65 195 42 33 230 28 198 193 76 23 48 188 93 71 89 20 78 171 101 182 100 205 186 95 45 199 136 166 155 247 177 49 209 120 138 156 63 104 82 30 143 165 67 137 162 54 184 189 87 223 154 203 24 123 35 80 55 43 242 91 74 201 57 58 214 132 158 146 112 212 129 164 244 180 204 108 235 179 217 222 125 81 94 191 236 84 210 32 116 211 250 240 106 169 144 249 29 52 66 64 113 72 59 36 174 159 47 231 111 145 51 234 103 
12 108 130 176 209 121 112 19 243 171 207 91 76 77 169 85 231 236 151 164 82 110 41 128 212 225 66 99 59 219 30 205 95 199 165 127 69 163 135 221 26 51 230 222 105 145 152 248 136 29 195 180 160 220 166 15 158 132 216 234 58 244 73 159 130 223 156 42 211 57 43 170 120 149 139 214 70 147 34 175 40 54 210 154 233 227 174 75 107 146 183 71 167 153 48 179 138 117 245 185 83 182 126 61 161 22 202 32 217 81 56 144 191 201 197 102 13        
13 183 80 62 19 210 24 197 218 29 95 205 170 43 158 145 183 244 194 160 123 236 164 196 173 248 87 166 37 230 193 233 38 142 151 21 150 106 53 15 67 25 231 148 30 82 139 222 177 64 54 136 135 131 247 179 180 56 208 42 232 238 229 184 235 119 46 190 91 215 206 200 35 72 85 104 155 199 126 144 127 110 52 216 181 20 79 243 163 234 124 33 182 162 204 141 133 36 239 40 83 202 73 122 137 146 168 23 212 223 186 132 149          
14 109 188 124 211 104 144 94 59 192 205 35 105 150 185 133 159 186 36 225 16 42 199 230 224 237 43 179 47 31 48 238 244 232 39 131 70 233 125 141 171 231 44 97 53 204 222 155 146 228 235 168 120 138 86 85 83 217 187 65 122 229 209 147 167 169 88 170 126 172 140 64 174 17 156 152 207 177 214 208 74 19 164 195 219 246 132 60 87 151 113 127 193 226 82 27 111 188 220 200 96 221 245 165 243 71 107 236 57 119 103 196 115 72 227 109 114 69 123 194 210 95 26 38 56 52 248 45 63  
15 10 114 118 207 147 58 123 73 105 17 35 217 139 208 55 30 71 229 209 171 222 140 74 110 231 161 20 162 135 114 101 127 64 185 225 219 66 48 176 205 154 60 149 183 115 221 189 80 187 40 57 131 93 178 18 132 249 200 104 177 108 126 75 215 90 240 98 84 242 77 156 81 182 227 129 213 16 95 241 150 179 226 37 134 125 26 138 39 27 206 79 243 230 158 211 86 167                  
16 103 159 212 122 56 25 108 220 97 150 54 208 76 95 132 41 141 163 206 145 207 222 51 142 90 128 181 172 18 42 162 231 161 227 119 223 22 121 234 88 21 60 168 149 23 74 152 192 203 26 91 102 57 49 127 159 44 129 31 215 235 217 249 109 92 50 165 94 36 125 166 238 35 247 171 179 183 243 64 73 210 47 209 98 112 219 160 226 107 135 55 28 45 176 195 75 190 180 20 83 43 188 70 46 19 182 216 134 71 124 156 173 169 126 164 33 29 53       
17 33 239 122 172 119 25 222 150 85 123 54 204 64 199 240 18 73 181 65 246 208 231 130 126 104 19 105 195 129 72 40 180 233 48 20 33 140 183 158 242 238 78 29 184 192 26 201 37 63 225 46 121 239 50 213 34 179 120 116 227 247 160 232 186 189 241 44 152 117 136 79 112 236 47 163 245 128 66 191 234 165 205 111 230 114 61 237 74 109 143 68 142 219 76 154 75 176 216 229 77 209 164 57 95 51 155 101 69 41 43 52 217 39 45 193 58 224 170 200 156      
18 30 166 161 204 53 40 112 20 202 141 34 90 181 249 78 136 218 152 192 159 123 85 42 169 87 104 88 207 130 82 166 150 217 108 216 115 70 184 243 191 209 139 170 242 106 110 157 168 200 246 64 165 124 91 131 227 92 221 109 151 129 247 197 224 43 188 196 173 23 146 162 231 22 186 233 96 102 26 160 142 185 84 193 240 143 138 44 250 230 203 46 206 198 172 179 45 210 83 100 208 195 52 97 63 214 132 86 177 56 163 164 145 228 245 119 194 237 79       
19 189 201 153 248 223 62 136 226 111 60 107 24 227 208 126 173 189 122 247 166 162 140 110 165 215 114 131 69 206 72 123 59 201 144 183 106 187 45 232 170 84 20 249 212 167 74 75 32 241 33 171 141 34 234 199 190 37 104 235 220 219 246 83 53 178 186 103 25 229 160 98 85 66 174 222 149 210 169 90 143 159 157 36 238 42 181 154 202 51 179 155 239 193 250 26 158 156 57 22 119 209 233 28 230 148 56 105 96 243 47 145           
20 180 98 186 201 29 39 171 203 102 84 93 99 54 212 184 210 146 61 23 47 190 85 136 111 168 240 140 189 178 48 96 81 53 241 139 236 44 130 159 245 117 91 165 94 224 226 43 125 22 33 118 147 88 158 69 231 248 161 233 228 128 36 152 114 217 213 83 187 249 214 108 176 207 34 50 104 32 127 229 149 208 82 70 216 135 21 106 220 234 98 246 225 64 45 37 41 68 28 100 59 185 195 49 211 113 121 71 242 60 79 169 227 103 156 56 199 138 24 192 76 40 78     
21 100 216 100 215 105 51 86 59 181 61 40 42 155 191 129 230 90 50 106 150 125 193 222 49 70 202 245 43 60 234 141 135 75 163 136 31 139 23 152 175 95 221 44 194 81 126 147 218 121 52 97 199 228 111 124 184 196 225 214 212 25 177 250 240 37 117 118 24 239 130 182 134 189 142 108 244 238 76 89 48 195 78 64 173 32 210 198 178 154 55 161 66 226 170 94 85 186 72 107 27 203 229 101 213 88 145 144 82 206 58 93 183 159 166         
22 174 107 152 170 51 118 210 146 172 211 248 93 82 59 149 151 107 233 200 155 123 74 247 160 75 24 206 69 81 173 61 174 76 198 63 40 54 157 67 171 190 169 134 131 89 98 90 91 215 166 77 249 175 225 30 23 86 65 232 223 127 194 106 120 135 188 95 105 100 53 130 36 52 45 102 204 250 43 213 159 143 35 243 85 220 136 218 83 183 196 192 47 79 158 72 182 141 38 222 94 163 137 121 185 237 216 114 32 235 97 33 228          
23 156 198 35 75 66 241 51 152 206 26 201 134 197 153 54 170 173 237 64 163 62 218 213 125 166 118 248 217 99 174 96 210 195 78 71 192 32 69 227 24 180 86 115 113 161 183 149 247 141 250 58 184 68 228 101 127 25 185 230 67 199 60 46 48 100 56 198 140 34 244 40 243 175 45 81 169 233 129 172 143 147 57 196 52 178 146 55 186 88 85 150 156 41 47 79 164 87 29 30 31 194 229 90 157 232 74 114 106 44 220 202 204 158 219 190 126 205 102       
24 249 237 160 189 90 50 243 91 199 166 153 79 112 33 72 193 171 205 73 58 174 137 235 46 176 32 76 218 104 111 102 172 94 197 207 98 167 83 74 37 60 29 125 59 131 92 41 209 99 43 201 147 145 36 108 142 163 155 25 119 129 220 68 103 26 250 169 225 141 38 124 192 158 130 40 232 128 93 233 115 208 51 249 198 127 56 146 126 85 159 45 221 31 52 88 188 191 61 210 49 164 34 222 75 116 240 236 219 185 95 186 234 231 215 224         
25 64 133 230 102 115 29 194 176 99 171 124 41 49 82 60 222 183 170 233 123 173 70 28 185 34 71 83 129 172 148 47 157 180 64 26 97 134 246 126 86 228 58 140 223 57 81 112 207 247 94 84 164 250 31 158 162 104 159 77 165 100 74 239 206 117 85 153 106 76 205 174 136 30 133 229 201 166 181 199 98 214 213 190 63 235 122 73 32 52 44 131 149 55 160 43 138 89 50 92 130 182 244 139 232 36 179 137 237 107 116 184 220 200 62 111 125 186 152 248 218 142 156 67     
26 128 130 89 166 180 196 40 160 64 36 231 205 191 239 129 86 110 195 149 30 132 153 240 203 210 213 34 118 47 168 230 49 37 131 190 66 182 163 31 44 97 43 80 152 103 202 113 33 174 246 208 78 88 229 108 194 139 111 58 48 146 135 128 51 136 142 238 93 141 224 234 155 104 122 39 144 186 107 127 50 119 221 219 225 68 105 200 116 215 62 95 197 170 130 41 176 165 79 214 52 140 76 112 159 82 206 63 120 121 134 65 101 183 164 61 226 45 161       
27 37 56 90 232 83 213 156 49 243 96 40 91 212 230 51 199 45 182 142 168 71 149 224 93 178 195 35 138 250 235 158 107 163 185 33 124 246 129 180 85 77 78 177 200 219 89 122 141 241 80 64 84 81 75 95 173 202 30 36 68 131 223 43 105 117 174 57 116 44 226 242 61 249 74 92 203 162 34 113 42 94 50 191 56 108 216 79 127 58 229 238 110 151 169 125 100 244 28 228 126 112 47 198 111 237 234 132 197 139 54 225 60 121 65 220 104 86 201       
28 197 248 221 163 29 186 203 96 219 97 197 116 139 123 69 175 109 73 72 118 171 195 232 129 140 233 138 234 32 223 241 183 192 46 51 204 156 78 218 190 99 37 111 224 235 174 95 112 144 217 212 246 61 162 130 228 86 169 93 182 227 81 35 136 198 150 58 205 153 172 180 231 66 47 119 132 98 59 62 154 167 213 70 125 94 178 147 145 152 80 207 65 243 193 141 248 226 216 45 55 91 245 34 36 148 249 53 122 100 77 215 90 38 168 209 64 146 214 242 220 247      
29 0 86 235 67 159 166 39 207 210 152 130 220 224 234 112 139 198 188 199 83 233 45 49 61 116 104 200 147 149 182 191 109 161 33 206 96 158 103 146 248 209 237 178 249 163 176 106 216 114 195 128 53 162 34 73 156 36 102 107 238 113 84 38 80 32 246 31 169 105 101 192 151 172 203 137 89 197 229 174 157 121 213 211 87 111 190 164 141 81 184 148 196 160 134 44 215 82 150 43 68 175 208 218 236 60              
30 248 105 54 122 230 91 103 185 236 95 147 101 120 238 244 135 107 221 199 144 31 154 77 167 212 38 182 169 239 132 133 115 187 83 93 57 189 157 229 112 44 241 53 194 127 196 171 43 80 210 71 104 45 250 153 215 211 136 219 88 90 161 248 67 109 181 62 195 76 206 242 245 174 100 121 75 123 193 184 92 217 39 162 46 124 56 66 226 172 128 82 218 168 114 63 70 214 156 224 163 139 51 131 52 87 198 165 72 79 228 49 203 213 176 69 151 117 232 64       
31 237 51 133 200 185 208 243 38 92 192 138 244 143 152 49 98 36 158 204 224 131 188 190 156 148 219 83 206 166 39 235 146 215 105 110 230 169 69 44 162 242 249 59 187 213 222 205 66 184 175 174 171 109 139 186 108 154 48 96 155 176 245 239 238 211 77 97 130 195 70 82 226 78 153 194 214 56 41 177 180 100 118 189 115 79 167 179 178 126 32 86 123 63 45 95 91 42 64 202 102 164 99 172 94 160 84 113 106 47            
32 110 160 124 81 169 170 184 162 231 155 196 232 90 190 73 233 132 191 140 44 67 209 35 188 220 248 145 143 54 243 74 229 37 41 165 110 223 176 212 92 238 249 42 224 174 96 85 245 51 58 183 167 187 164 226 55 117 106 97 146 138 193 64 53 141 177 77 137 208 179 204 236 102 156 36 43 221 130 123 118 207 83 114 125 115 227 40 202 149 89 237 228 160 250 185 241 62 52 181 79 103 56 100 201 151 38 107 186 75            
33 163 151 75 99 152 224 222 130 223 180 98 181 214 74 150 159 89 44 145 201 220 114 194 230 225 120 124 168 135 71 97 51 242 64 206 86 131 249 137 140 92 156 96 129 219 143 161 183 190 248 237 90 235 202 37 238 56 232 164 134 217 101 112 234 55 105 179 250 208 50 34 166 170 211 132 110 133 67 200 62 228 154 95 77 39 157 182 118 186 193 195 173 141 83 160 82 76 177                 
34 122 138 226 125 49 73 238 184 176 240 51 168 120 153 197 210 109 83 58 88 171 44 232 236 57 55 132 35 207 50 69 157 75 249 212 223 36 106 98 86 245 90 161 126 92 167 53 148 130 198 38 105 216 91 199 241 122 146 174 99 121 52 131 127 169 191 74 66 47 180 209 137 104 250 42 188 107 172 110 194 129 242 136 192 187 160 37 147 175 119 124 97 89 243 247 77 143 181 149 213 237 165 78 208 134 239 162 189 144 229           
35 88 186 129 99 114 173 43 37 193 122 61 146 159 75 138 217 170 85 245 63 123 44 142 192 125 223 41 65 145 205 241 186 143 51 73 157 66 128 77 209 103 94 39 54 212 161 135 139 234 70 248 84 111 247 246 240 178 216 124 189 67 156 88 102 82 46 98 202 69 90 227 86 225 213 64 200 80 218 117 52 68 60 127 238 151 131 208 237 76 222 171 36 221 95 211 119 97 215 235 172 187 110 137 50 182 79 239 89 185 168 57 40 190          
36 207 82 64 175 121 83 97 196 42 81 111 141 99 43 213 79 171 70 58 250 161 231 59 78 49 200 207 163 105 57 209 127 143 232 133 187 189 100 224 116 177 247 148 54 205 167 122 169 66 146 128 68 184 234 96 180 84 188 98 73 65 75 227 217 249 91 172 130 139 151 158 203 162 202 89 239 248 201 109 120 113 93 242 50 185 69 60 119 103 153 125 174 164 112 152 63 101 90 199 104 221 235 168 216 191 166 124 46 147 134 62 40 140 226 238 237 95 67 212 204 74 150 176     
37 50 167 187 213 200 134 132 145 237 151 223 94 196 238 176 90 39 42 111 80 210 100 95 86 119 48 189 130 40 211 245 57 85 112 108 56 180 105 188 63 157 248 219 191 218 164 67 148 155 97 96 249 104 43 183 247 215 54 129 47 123 124 109 45 160 165 58 79 138 197 242 91 60 106 101 162 116 55 208 235 107 217 224 52 175 128 50 232 179 154 77 185 203 220 117 110 199 207 201 147 169 38 244 53 158 82 226 186 99 194 65 121 212 184         
38 163 148 46 201 57 102 244 226 149 195 101 43 164 231 246 119 177 92 212 74 247 184 233 239 139 207 109 79 39 228 196 154 185 208 53 209 121 50 173 215 189 147 54 140 84 227 58 108 187 115 170 97 136 145 143 249 172 72 163 192 83 174 199 166 186 114 59 77 211 107 150 99 87 142 232 60 113 91 194 42 90 111 110 250 229 127 85 146 203 134 158 130 183 123 202 126 95 216 124 120 162 64 106 218 62 78             
39 111 109 46 103 178 158 175 119 117 214 225 231 70 152 64 239 186 170 121 97 230 68 147 196 172 154 244 238 177 219 210 122 124 165 167 190 194 96 212 218 205 136 171 52 224 134 226 199 201 79 86 168 157 228 55 67 100 203 111 155 44 135 217 160 169 142 174 99 57 76 159 128 195 180 246 232 92 156 237 223 137 95 183 109 118 54 58 94 120 207 184 140 139 82 240 90 241 129 191 110 151 222               
40 170 140 86 50 134 224 150 43 204 160 106 167 120 174 153 200 99 117 156 182 48 77 54 96 138 118 215 146 92 113 73 176 126 80 172 209 128 242 51 137 100 188 94 234 87 235 212 63 231 70 210 145 190 229 53 143 131 193 203 76 115 180 57 79 46 216 102 66 89 44 68 91 90 159 105 166 205 60 206 142 165 116 186 208 82 178 219 247 246 69 222 62 181 221 135 85 122 93 236 187 42 67 56 198 207 238             
41 149 195 50 229 64 51 47 111 162 82 74 110 175 144 63 97 155 165 149 75 151 198 157 236 76 101 78 69 211 226 173 212 180 166 228 192 150 137 91 249 129 121 126 95 67 153 243 59 117 203 92 225 56 68 216 181 141 62 220 53 170 84 197 139 118 156 193 244 163 223 184 186 73 94 113 70 107 116 114 127 83 77 188 102 168 79 183 202 172 106 123 158 109 234 86 176 185 210 93 246 178 230 90 96 214              
42 16 213 247 177 117 142 189 230 243 172 188 45 133 207 190 216 250 181 170 194 66 107 210 187 53 65 248 200 153 112 231 219 215 249 155 223 209 226 89 152 98 54 244 178 191 50 141 232 124 192 126 51 87 197 236 212 76 94 196 186 125 185 149 205 86 179 217 211 109 199 110 78 157 201 70 131 237 159 222 82 52 162 163 134 88 160 193 120 48 174 169 240 235 104 121 145 103 72                 
43 226 176 68 72 54 225 232 231 131 221 123 249 191 170 145 74 197 216 77 157 70 110 117 190 177 99 226 174 151 184 56 86 119 49 114 136 126 162 214 142 201 238 59 163 209 171 66 235 97 122 134 88 194 116 215 118 83 82 152 159 93 106 105 179 150 195 203 101 210 169 55 219 96 244 234 165 127 243 92 64 196 241 186 247 200 212 185 175 81 87 147 65 141 73 173 67 198 52 154                 
44 22 180 118 154 146 57 152 187 79 86 97 111 243 214 59 200 212 147 180 198 50 226 140 122 241 47 195 177 233 157 139 132 250 172 71 104 128 203 107 105 143 236 73 237 202 204 197 138 170 168 173 126 108 70 45 51 55 201 145 210 163 102 66 125 178 48 135 74 83 165 164 144 106 206 221 169 232 141 76 246 191 84 211 217 171 225 216 65 219 119 56 88 207 137 220 99 69 185 235 151 174 123               
45 138 106 198 123 128 49 232 174 225 104 97 246 48 129 179 161 185 63 242 199 178 238 192 86 73 71 99 195 62 176 191 137 243 223 69 125 133 194 56 57 81 189 72 156 95 115 157 244 240 207 193 147 220 230 158 87 121 54 60 209 83 224 188 162 196 175 190 65 148 135 122 47 126 170 102 117 205 203 218 106 247 119 177 94 89 226 66 142 98 107 139 167                    
46 14 239 193 240 131 81 232 243 110 54 244 201 96 238 198 59 159 233 87 200 47 60 138 229 132 49 202 53 246 148 82 213 124 70 58 227 208 245 64 183 192 76 152 219 133 143 83 93 107 151 250 173 220 186 142 180 182 113 150 161 205 50 172 189 223 222 48 190 216 194 241 247 140 206 168 100 94 99 88 196 184 170 136 199 118 207 214 74 85 164 239 209 108 141 178 130 160 52 248 204 242 137 197 73              
47 174 88 137 141 61 62 172 176 59 171 123 249 244 165 84 134 55 227 205 219 168 160 186 57 128 90 236 70 152 184 110 83 190 107 95 89 125 109 242 80 204 196 245 211 150 149 179 130 189 220 247 192 69 226 66 195 142 153 71 53 154 167 73 157 180 104 102 58 233 117 151 60 82 91 114 212 161 217 118 207 156 112 75 181 243 54 111 77 48 200 106 225 223 235 174 194 239 166 183 198 178 229 208 86 67 122             
48 175 51 112 89 90 192 201 169 224 205 95 121 115 76 202 77 65 235 160 245 208 70 59 190 223 207 136 98 248 168 73 240 213 57 152 155 249 74 151 130 211 110 163 206 128 79 153 164 193 185 191 243 217 167 209 194 241 99 247 203 100 166 188 119 143 66 230 140 237 75 175 67 147 177 154 181 113 92 189 214 244 120 118 64 159 231 228 216 204 53 178 122 139 87 141 62 172 138 144 83 183 176 161 129 232 114 233 126 68 219 104 239 210 103 171 174 196 197 82       
49 37 110 123 242 241 112 164 142 141 122 205 77 197 223 208 100 245 224 166 214 64 161 176 59 168 210 108 55 190 154 220 91 106 144 184 167 200 191 95 78 53 129 69 198 152 140 94 52 76 177 237 231 169 82 195 183 174 206 207 65 118 71 153 133 194 97 173 225 101 81 80 182 230 137 63 136 54 125 138 56 249 213 116 181 84 179 143 146 219 124 121 222 147 201 163 234 72 239 96 128 85 130 229 250 114 120 119 60 67 90 103           
50 144 194 209 228 220 95 168 250 87 231 145 72 218 238 63 243 248 127 240 222 169 159 138 180 69 162 131 230 201 150 156 146 175 111 53 155 147 110 215 171 142 51 117 104 97 212 158 84 181 232 74 214 191 152 71 137 186 236 93 176 229 246 102 207 234 143 226 128 153 178 208 206 182 187 190 221 58 57 167 106 82 239 62 99 55 133 124 136 185 199 98 65 96 172 157 211 170 73 113 103                
51 44 99 110 199 132 89 190 197 207 183 196 114 101 109 206 235 165 217 75 63 93 241 115 221 105 82 131 60 100 194 154 185 213 158 91 108 53 195 181 146 67 236 117 223 73 124 153 138 157 203 111 247 200 134 86 176 72 174 137 129 184 166 225 218 133 84 142 71 222 126 212 224 144 208 79 81 152 65 219 102 164 182 87 94 61 99 161 242 136 59 127 193 77 56 186 64 156 202 238 229 201 162 145 66 96 227 250 248 121 76           
52 202 231 143 153 147 248 177 239 182 66 83 249 155 165 78 215 68 110 242 186 111 54 231 98 119 120 240 126 100 207 53 179 130 176 195 77 237 224 91 90 228 127 162 219 202 131 76 108 72 122 199 183 217 223 138 132 113 118 65 59 157 187 178 172 250 174 197 95 89 149 109 246 148 229 140 73 216 209 60 115 211 135 225 82 145 160 210 244 245 107 56 234 238 226 154 163 175 189 164 236 114 136 190 133              
53 19 206 203 242 69 192 182 141 218 114 181 172 56 86 97 168 124 220 158 126 137 112 198 209 186 108 122 150 180 145 248 178 247 140 142 188 148 199 245 157 161 78 183 233 187 194 246 63 159 215 105 76 147 207 221 152 235 99 249 197 166 201 61 79 169 82 90 224 217 171 110 208 232 212 222 184 149 57 101 123 213 227 83 206 95 59 134                       
54 32 202 217 132 142 92 101 113 143 198 248 220 170 205 247 244 130 243 175 152 93 125 166 219 149 230 70 231 225 177 241 144 67 250 83 105 204 138 122 76 156 164 134 249 154 99 71 135 64 199 128 195 187 159 182 161 188 129 66 194 103 174 218 178 107 65 77 104 127 69 200 229 238 228 201 68 176 121 123 158 81 106 150 232 133 86 80 179 209 186 91                     
55 14 218 219 206 102 168 136 81 98 112 146 141 124 68 199 69 181 75 170 150 216 166 239 241 190 180 130 186 110 197 105 119 158 177 87 126 207 108 80 77 208 210 167 92 165 169 159 117 70 125 171 205 240 63 147 217 152 144 65 120 229 93 84 200 224 134 113 176 187 64 202 115 201 250 121 193 173 162 142 71 164 238 196 56 226 194 246 183 227 59 138 182 86 209 74 244 237 157 61 145 215                
56 172 89 237 95 75 200 172 149 211 99 153 144 243 161 213 124 146 85 67 169 81 217 210 139 241 178 79 162 77 140 145 229 132 129 131 185 190 61 242 234 196 159 157 148 176 206 151 216 59 240 143 246 189 201 250 60 205 248 74 239 179 165 64 135 221 118 91 187 112 130 230 158 236 212 192 98 154 82 73 80 193 125 93 182 115 181 226 198 180 97 100 137 65 134 220 86 183 76 207 170 68                
57 149 237 205 74 61 179 203 149 114 176 64 228 223 89 65 168 90 105 110 76 196 81 135 112 202 213 185 84 145 141 158 229 79 192 243 181 231 241 153 172 109 137 63 190 128 111 97 239 162 177 184 133 58 157 82 126 240 164 106 86 238 217 117 160 93 250 232 173 94 212 70 108 147 237 151 60 119 136 134 156 183 169 242 218 187 155 85 224 159 219 248 140 62 150 127 249 99 180 75 122 221                
58 17 179 139 154 127 249 134 118 112 145 204 100 243 209 184 136 93 95 60 195 121 244 170 123 224 167 67 155 124 201 108 164 181 141 72 174 206 192 227 65 114 149 137 74 133 129 228 226 223 208 205 235 99 128 64 213 166 220 156 84 177 126 234 175 183 191 98 76 207 71 97 73 107 165 186 66 105 189 119 176 202 232 246 188 247 230 229 162 233 101 151 75 111 217 122 125 216 239 132 169 135                
59 13 242 159 250 100 220 219 231 163 142 161 203 187 217 76 60 91 123 226 165 201 175 146 128 184 218 136 181 106 216 137 87 195 237 86 79 109 211 233 206 147 153 152 71 168 228 98 188 155 166 224 73 177 178 204 139 94 110 141 243 249 119 162 239 78 95 120 223 75 172 74 148 158 245 121 111 198 193 130 242 241 112 183 140 113 129 170 118 197 167 157                     
60 145 73 191 233 102 152 206 189 78 129 186 153 122 195 120 108 151 80 104 160 231 167 133 66 140 245 183 176 192 106 61 75 90 201 145 94 84 218 162 83 242 119 238 103 64 180 128 172 237 190 208 225 188 199 246 217 132 135 200 68 76 141 219 146 130 117 121 112 131 98 157 82 177 175 182 147 236 221 197 79 220 114 89 214 99 107 123 207 149 144 240 247 234 100 134 97 74 150 178 105                
61 26 233 134 97 184 112 125 220 249 111 212 161 235 68 183 192 141 226 89 170 153 117 236 137 148 241 88 162 99 240 82 73 221 63 75 182 244 91 169 185 103 80 246 229 178 114 198 139 113 247 146 210 74 129 194 179 133 245 204 95 158 123 93 72 201 214 173 203 196 230 64 189 85 96 92 176 79 84 163 62 164 119 213 200 159 65 87 136 152 175 108 172 107 177 147 70 128 155 250 225 218 156 188 217              
62 77 243 91 192 226 133 220 159 186 231 154 202 149 197 118 241 112 178 76 88 171 127 108 114 73 173 87 93 131 170 193 102 116 99 194 136 68 146 182 160 124 139 98 161 81 115 84 97 135 227 83 235 239 157 233 219 63 125 185 243 122 249 71 205 214 164 89 120 77 140 183 189 238 106 242 117 111 177 210 95 191 74 230 72 218 130 155 103                      
63 8 138 229 210 70 105 239 150 246 231 155 123 211 249 88 192 94 149 188 120 235 96 172 218 219 64 153 168 184 220 140 138 72 80 194 221 245 84 163 178 230 108 81 97 74 99 203 154 159 132 247 156 76 106 102 205 145 131 171 146 135 141 225 233 126 204 118 197 191 117 65 142 92 236 110 193 136 115 89 160 243 241 185 176 207 107 87 169 206 158 214 111 100 104 190 66                  
64 240 133 203 168 87 165 121 239 143 145 86 140 180 189 176 210 120 191 136 76 137 152 82 93 175 95 183 221 119 192 134 146 67 135 74 177 124 194 217 116 196 113 91 108 246 184 247 99 75 89 154 179 127 186 228 118 66 208 83 79 144 77 234 97 132 155 237 104 148 248 141 215 173 92 72 169 240 216 149 73 133 109 110 123 202 94 193 250 88 204 81 244 96 213 174 236                  
65 70 130 102 67 176 215 96 129 171 229 174 104 218 126 90 235 190 164 134 132 214 71 205 180 199 160 244 108 234 123 131 223 141 119 226 212 154 247 242 202 175 249 220 216 230 114 241 167 243 118 95 121 109 172 250 185 237 210 94 206 192 233 245 238 72 128 188 225 147 91 84 140 68 77 187 156 152 110 203 142 146 148 127 194 85 177 224 183 138 186 165 66 87 100 168 93 211 133                 
66 54 229 139 106 213 70 246 164 114 89 67 101 78 117 159 194 142 148 143 77 169 80 227 93 174 248 150 244 196 208 73 233 170 193 118 172 249 91 131 76 124 245 201 103 214 177 230 84 236 243 154 185 163 226 149 199 140 137 116 184 207 242 83 206 229 231 222 74 165 239 109 203 136 225 85 176 122 237 144 105 86 183 221 129 95 132 209                       
67 105 120 186 137 141 177 246 127 129 152 211 76 192 223 100 197 95 219 182 165 188 194 168 217 220 204 199 175 242 148 181 200 124 184 250 171 83 110 216 102 178 161 97 122 196 111 120 224 232 155 119 117 145 159 82 195 221 132 128 125 193 78 134 243 116 104 143 105 144 121 160 142 185 183 173 136 162 138 147 103 96 205 174 69 176 109 169 202 90 113 91 187 198 118 190 241 207 226 98 140 146                
68 110 246 200 130 147 170 118 176 125 195 231 115 230 223 244 72 183 157 243 134 81 189 109 177 129 124 227 246 225 188 100 182 160 126 167 73 89 199 197 233 122 236 120 202 98 114 212 77 224 180 76 165 105 79 137 104 146 90 228 140 143 145 216 175 94 226 211 248 144 168 196 161 148 88 131 154 93 153 158 198 136 204 110 235 112 193 242 99                      
69 97 126 111 189 73 109 94 157 112 182 220 222 203 131 117 243 96 110 161 214 234 211 239 187 232 140 119 228 136 130 154 206 142 197 114 213 166 238 101 87 190 223 155 78 158 233 202 127 76 176 170 181 120 77 177 168 92 156 107 178 100 164 132 225 247 108 71 116 249 79 210 72 179 195 224 218 80 102 153 226 129 152 103 86 149 167 85 93 151 88                     
70 150 135 88 214 170 201 183 146 225 123 117 138 227 250 190 209 206 238 119 236 145 215 166 73 220 211 242 86 94 137 173 141 184 176 224 193 104 218 207 111 240 118 202 151 245 144 241 194 159 230 248 103 74 131 191 199 95 163 228 153 186 80 216 195 226 113 100 121 75 232 140 107 108 97 115 161 158 181 71 76 84 122 233 92 78 139 109 83 98 77 243 165 178 96 110 213 155                  
71 61 91 177 84 209 242 99 170 121 201 186 102 213 232 243 148 95 150 175 163 184 203 250 169 106 93 173 94 132 136 152 87 214 154 104 210 199 174 157 76 96 88 137 195 115 119 191 124 98 208 230 77 239 220 160 158 75 215 244 74 202 145 149 112 205 212 237 120 118 146 101 92 187 165 85 172 189 224 86 125 246 113 122 217 196 91 183 141 248 123 73 83 211 185 225 105 231 108 226                 
72 57 226 213 230 149 184 207 146 176 224 91 164 178 126 94 79 228 209 153 177 108 138 74 87 160 127 197 208 155 84 185 103 241 143 124 170 130 195 93 100 83 210 110 202 219 80 159 194 141 212 250 181 201 222 113 120 128 105 132 221 142 82 111 248 167 172 139 200 121 189 244 145 114 223 117 239 205 183 161 119 78 73 235 247 133 179 236 249 148 92 101 144 193 134 229 220                  
73 72 53 115 194 168 200 126 158 164 242 132 91 167 98 129 78 105 229 212 141 205 214 176 149 153 173 219 174 90 223 193 215 233 87 236 182 234 202 133 97 239 220 157 154 76 94 152 218 99 163 245 148 228 171 243 162 232 138 131 209 172 119 93 166 122 196 237 121 135 107 96 175 217 128 137 222 250 113 80 197 227 207 100 216 77                        
74 194 217 214 168 206 184 234 195 127 119 118 130 238 176 236 178 76 128 150 96 244 203 116 129 160 120 210 135 221 93 143 237 185 152 148 235 77 79 159 146 197 141 147 172 225 115 233 89 219 167 229 242 246 155 165 84 161 103 217 111 173 91 245 151 106 216 231 153 205 187 85 92 208 243 139 227 224 169 86 232 134 95 190 114 121 132 110 171 189 105 88                     
75 220 156 141 142 106 218 217 156 239 79 126 135 105 152 179 82 191 111 155 110 138 178 241 224 216 177 193 185 196 181 232 130 86 246 116 118 192 117 128 144 165 229 182 139 97 76 92 175 90 122 148 84 205 211 77 109 150 173 225 85 243 127 248 147 180 134 94 208 210 247 112 123 222 167 235 162 212 183 87 101 154 119 204 132 237 95                       
76 124 108 156 201 163 144 158 187 197 160 199 146 166 110 98 214 232 218 101 143 151 208 121 103 153 113 243 114 155 118 130 134 135 198 216 231 79 224 196 190 227 140 137 162 181 138 132 90 142 249 120 133 234 96 78 235 180 109 91 195 102 239 159 85 123 233 226 240 128 248 229 126 95 217 242 178 194 173 129 77 212 246 182 125 188 174 106 150 81 83 149 176 184 168 80 107                  
77 100 161 158 83 79 129 233 164 205 110 221 185 101 104 97 245 172 186 125 197 108 165 216 162 154 136 167 168 235 103 151 203 152 187 88 183 239 127 201 181 118 145 217 86 107 194 241 94 196 112 177 134 171 89 192 141 87 249 180 155 122 195 206 99 208 137 111 90 131 210 232 200 228 244 236 106 184 170 204 157 163 133 248 227                        
78 125 150 156 178 223 111 82 175 215 225 237 234 198 126 103 167 235 159 117 130 206 102 194 172 99 114 214 205 97 113 104 115 199 230 182 204 116 184 219 171 157 89 162 92 91 105 155 118 86 131 238 241 87 81 108 143 197 139 232 88 209 147 226 192 79 109 195 168 180 220 133 100 249 202 107 211 154 164 145 152 138 141 165 150 216 218 240 83 122 112 161 173 191                    
79 248 108 141 196 82 166 195 115 207 80 181 120 185 128 149 91 226 163 136 249 89 97 154 197 140 216 237 209 131 190 198 206 204 248 239 88 244 122 103 187 107 145 218 81 189 179 176 191 241 133 143 121 83 161 227 215 123 247 194 137 135 240 132 126 165 192 172 142 116 169 170 205 157 212 213 111 106 178 155 102 224 104 101 98 92 93 211 100 129                      
80 135 176 136 126 106 245 154 105 181 118 217 222 110 98 134 224 125 82 232 138 107 135 223 121 104 183 188 242 103 190 248 182 204 149 193 201 81 205 89 111 86 116 171 163 88 158 240 102 124 203 139 87 235 184 218 227 177 176 95 119 101 117 112 168 231 164 189 234 127 108 214 174 99 167 180 220                            
81 69 94 221 204 167 226 172 193 228 190 166 173 168 182 121 84 165 95 135 242 91 240 200 156 150 223 134 120 133 184 220 118 92 137 211 116 146 109 99 225 153 248 130 187 195 90 213 206 216 217 191 246 219 245 111 127 101 110 112 160 207 94 244 236 183 239 230 247 97 155 205 171 145 210 117 250 234 131 249 170 162 100 181                         
82 47 112 93 225 141 115 159 238 230 192 126 216 242 110 241 235 92 88 236 157 249 203 178 205 135 196 190 201 231 164 117 219 183 162 198 105 161 181 202 111 109 151 180 169 174 104 112 185 167 165 177 99 199 170 171 211 129 186 245 187 243 89 163 228 146 86 182 237 131 108 142 244 137 189 144 218 121 106 138 191 222 130                         
83 52 156 115 199 156 139 85 177 96 168 154 195 223 220 234 232 185 142 130 170 207 146 128 90 211 149 186 238 165 111 113 127 221 160 191 178 126 98 107 166 118 84 132 212 134 181 210 174 192 176 102 219 153 161 116 103 229 243 164 246 247 248 226 182 138 204 172 135 119 143 206 180 110 86 171 163 157 197 227 224 112 196 198 104 162 240 190 97 141 136 100                     
84 197 205 175 144 116 246 102 170 135 142 241 106 153 130 88 227 145 160 104 222 121 193 131 207 248 242 114 147 163 234 154 90 195 166 212 91 137 89 243 143 118 146 197 228 112 138 111 249 201 155 105 211 214 245 182 229 87 219 240 199 108 180 224 181 186 230 97 250 122 149 221 156 172 95 184 134 203 107 205 110 92 113                         
85 27 220 148 147 241 133 249 129 179 96 224 218 231 213 230 154 202 237 150 160 123 155 95 138 122 151 215 156 117 143 132 159 112 127 116 98 102 192 171 201 137 176 119 168 190 124 183 145 109 86 177 182 140 233 88 238 244 181 93 118 125 193 234 162 174 97 205 100 208 108 103 204 210 135 163 223 191 105 221 222 248 195 173 169 227 99 134 198                      
86 29 79 221 244 100 174 164 187 157 109 171 133 134 93 104 184 119 189 116 136 209 102 159 106 229 213 88 169 118 206 147 144 193 167 223 181 161 200 155 140 196 145 205 250 129 224 112 149 101 178 96 131 107 233 99 114 179 246 170 139 132 191 210 163 121 188 95 173 175 197 137 91 228 218 105 151 198 249 90 177 180 111 194 243 190 172                       
87 124 243 113 149 136 241 182 211 110 222 137 231 233 219 228 144 206 90 216 154 184 167 232 208 98 94 148 100 242 245 120 95 192 205 235 246 234 165 221 91 185 162 183 177 238 203 155 171 172 223 124 248 126 129 133 202 150 175 156 195 176 131 201 209 128 116 217 119 207 180 218 153 161 226 140 220 196 247 189 194 160 141 188 250                        
88 242 206 175 149 134 159 241 124 209 148 188 226 157 171 224 223 118 144 178 195 181 121 169 240 162 127 203 245 217 235 225 219 198 182 210 190 206 193 174 96 246 211 136 128 142 228 138 183 163 239 233 218 244 186 199 123 97 221 204 100 126 205 207 130 173 249 161 129 105 237 177 140 106 200 133 99 115 215                           
89 51 207 223 116 187 114 99 198 127 111 119 207 203 163 115 183 122 233 202 215 152 153 227 249 234 102 126 92 201 130 250 219 125 245 193 173 209 134 220 113 161 158 222 190 124 107 217 150 228 162 96 168 91 191 176 133 213 226 192 156 93 123 90 95 196 141 108 104 231 221 180 235 167 117 208                             
90 198 190 107 177 180 94 193 226 150 109 92 218 236 163 185 198 234 112 215 98 216 137 205 243 172 140 168 203 159 135 121 196 209 229 239 141 217 197 143 207 161 202 232 165 237 114 123 126 189 238 157 242 223 105 99 100 235 248 230 102 138 139 160 152 148 132 164 199 113 118 191 91 194 182 190 222 221 204 125 212 183 184 224                         
91 129 184 100 250 135 228 188 174 237 205 115 104 159 157 97 164 138 204 211 158 160 146 118 193 198 116 182 94 195 233 162 230 173 137 121 171 96 123 152 232 206 132 93 99 155 248 222 217 122 197 124 189 108 169 141 140 220 180 144 225 229 143 151 181 95 201 125 98 107 218 130 241 200 219 231 105                            
92 217 145 218 213 161 180 212 97 248 201 154 152 243 119 214 227 141 124 131 182 135 185 165 137 129 107 179 173 101 181 148 224 162 200 93 106 191 150 197 229 186 188 164 226 122 134 202 145 249 111 171 222 104 199 116 138 206 233 105 109 240 130 183 245 94 190 225 108 118 139 246 192 120 228 98 160 113 125 184 149 110 100 99 133                        
93 216 183 145 95 220 235 135 215 134 236 121 224 110 244 183 180 148 100 219 233 198 193 197 99 168 228 184 229 149 101 97 129 227 191 165 242 139 248 211 234 109 114 108 104 225 217 206 214 98 216 122 167 125 107 218 94 143 164 212 226 133 202 131 203 204 162 175 207 111 127 173 116 106 102 208 196 117 188 172 105 221 153 155 118                        
94 172 71 180 228 124 140 100 208 244 98 196 117 178 133 185 116 181 109 146 138 160 163 155 120 148 242 183 197 231 132 188 223 235 114 239 224 182 167 209 101 200 135 145 173 170 150 230 151 108 147 95 165 204 128 214 179 219 227 174 106 186 218 113 215 103 154 184 203 162 127 210 233 190 194 220 232 212 99 119 238 229 237 247 213 198 193 221                       
95 69 183 232 169 124 214 240 236 131 175 242 97 113 134 185 233 202 187 165 215 196 244 180 178 139 191 127 126 145 154 206 219 237 243 159 109 125 209 168 228 106 213 157 250 147 208 229 149 108 119 172 199 183 142 164 136 155 245 140 198 133 135 122 192 221 114 121 230 170 225 203 105 163 179 98 152 156                            
96 83 62 213 154 103 188 200 239 190 139 201 125 237 238 163 247 169 248 102 106 196 130 108 176 126 144 148 113 214 146 219 121 143 189 131 187 178 212 242 104 207 129 216 145 124 223 249 194 99 141 245 118 203 179 167 236 157 183 230 97 101 240 128 228 227 133 116 205 181 192 170 117 234 232 156 136 225 250 134 204 177 173 246 151 127 168 155 235                      
97 152 205 230 246 137 232 179 144 209 127 243 173 111 147 106 162 140 192 117 112 129 195 138 244 170 166 136 219 237 175 174 160 134 187 126 217 143 203 184 250 221 228 101 110 132 234 220 200 114 164 159 227 131 148 242 167 205 249 177 118 236 120 241 247 155 99 222 139 151 119 128                               
98 197 53 112 164 238 104 179 209 108 144 214 244 224 147 100 140 213 121 237 181 225 197 249 239 194 149 138 245 116 199 128 111 208 126 198 233 169 202 215 161 141 229 201 220 192 109 106 102 110 217 136 134 174 135 236 240 200 188 191 170 157 99 176 207 123 219 172 143 124 151 156 190 183 139 117 167 189                            
99 55 214 158 199 108 115 113 198 178 139 232 228 241 216 103 243 123 221 183 200 169 197 102 231 203 195 242 111 244 213 100 121 165 168 218 184 206 208 235 148 160 188 122 128 112 210 151 135 227 180 142 119 233 191 222 104 170 215 234 177 189 155 185 153 240 136 144 118 150                                
100 111 81 162 134 169 223 243 246 221 161 193 141 196 137 208 214 168 183 174 199 129 209 143 160 240 250 232 123 155 211 235 224 140 102 104 237 112 159 152 157 171 200 105 106 204 110 172 248 164 245 188 186 122 207 107 121 124 115 177 229 192 131 249 158 179 182 148 139 165 222 142 132                              
101 243 137 111 120 131 208 179 209 149 212 207 246 175 170 237 159 127 173 193 157 146 139 169 243 107 165 222 194 153 200 160 187 166 126 158 181 219 156 122 188 227 217 129 167 182 202 220 176 150 185 223 109 151 178 145 152 103 172 225 164 119 138 134 241 137 177 216 205 148 141 226 113 214 198 190 180 125 162 195                           
102 83 54 116 182 216 147 209 190 211 191 214 210 213 175 199 117 119 184 148 172 224 161 250 207 208 239 196 231 202 180 165 113 168 192 232 144 125 154 205 139 178 149 126 157 109 219 235 173 142 103 217 133 179 171 115 167 118 218 215 225 124 248 107 181 166 244 158 201 122 131 195 159 227                              
103 102 56 134 135 241 133 187 197 222 213 155 172 174 236 161 157 224 149 104 162 126 204 173 122 130 117 210 152 225 113 127 164 246 150 140 218 136 226 206 171 250 209 120 148 185 131 228 142 202 235 192 141 106 115 108 182 118 178 180 132 153 237 144 183 239 156 244 220 193 194 159 232 249 179 112                             
104 188 139 131 144 239 223 164 143 157 218 135 181 154 160 136 219 194 208 147 198 217 161 196 224 137 149 141 152 156 129 249 151 231 186 133 243 179 203 108 182 193 126 153 121 188 130 174 177 115 116 163 162 242 206 112 171 119 184 205 207 227 246 148 140 110 234 128 222 210 232 192 167 240 169 175 178 233 118 158                           
105 34 176 123 250 165 144 125 132 224 150 182 156 225 205 185 199 115 141 154 117 226 127 175 172 216 108 242 142 110 162 121 209 236 149 106 240 111 112 235 131 211 145 168 176 180 220 166 188 207 177 133 120 203 159 155 217 184 228 198 230 164 218 160 136 135 238 212 153 210 147 197 223 114 183 202 109 138 181 128 107 186 118 137 222                        
106 145 162 188 227 159 127 126 237 245 136 178 233 234 157 165 219 107 152 232 148 220 146 122 217 121 138 189 118 184 115 137 177 209 124 236 202 117 224 195 114 183 133 229 149 134 163 147 179 161 239 141 182 191 242 240 158 116 144 223 208 172 130 111 247 131 174 175                                 
107 115 153 174 247 201 108 239 158 206 228 175 242 197 181 200 135 218 234 246 144 185 137 232 192 225 186 226 177 154 111 208 211 134 248 213 221 184 126 152 123 115 227 139 143 161 179 151 168 182 194 159 156 231 238 199 233 138 155 203 160 133 153 130 230 125 150 220 241 145 250 109 190 204                              
108 225 86 168 112 226 176 119 246 154 211 202 109 178 243 236 235 126 231 210 206 190 184 160 166 240 187 248 195 208 194 123 218 125 192 177 242 173 127 138 205 120 217 161 143 139 145 146 152 147 144 234 129 115 133 180 141 196 148 239 207 197 203 193 137 233 215 181 219 169 124 182 198 158 227 222 244 220 134 165 230 241 174 185                         
109 46 61 250 187 184 151 172 216 118 123 142 133 155 230 114 171 159 231 202 125 214 170 217 204 197 168 169 194 210 236 211 140 128 148 207 186 203 157 196 115 156 223 200 221 238 138 241 242 141 201 135 158 246 147 185 212 163 180 136 182 243 116 193 127 229 215 190 248 166 199 224 112 162                              
110 107 167 183 149 165 157 194 113 208 119 182 138 220 205 243 177 146 114 175 236 116 130 176 222 153 221 180 171 240 120 124 163 152 219 129 232 231 161 216 226 203 164 193 172 136 215 174 154 179 225 140 112 223 117 242 142 128 185 131 195 160 184 248 187 156 115 234 204 214 181 145 247 167                              
111 81 167 248 246 210 137 134 230 244 242 140 171 157 143 148 142 118 149 217 135 182 144 212 172 159 138 147 180 161 154 208 189 158 193 195 114 234 222 245 198 206 136 220 204 219 197 178 173 124 125 216 132 160 232 162 215 169 139 133 241 209 187 146 120 199 115 233 155 116 145 122 207 164 184 225 126 117 152 185 190 214 200 129 191 239                        
112 165 60 211 197 169 235 181 145 137 159 223 199 121 157 232 202 218 183 227 167 191 224 173 132 188 215 207 239 206 152 142 163 139 234 214 172 241 208 134 162 219 229 247 242 193 146 151 204 230 225 185 205 249 168 244 171 240 236 209 228 201 226 186 129 136 141 189 176 216 131 164 149 177 203 133                             
113 11 228 242 143 116 156 171 218 215 241 183 189 213 165 140 245 180 122 153 179 199 120 223 228 162 221 229 128 187 237 202 207 208 234 172 133 225 147 137 232 157 182 168 222 123 129 136 214 131 236 220 155 194 235 210 158 231 151 164 185 247 212 176 186 154 205 196                                 
114 209 228 245 229 120 166 225 168 152 190 154 223 209 159 242 221 205 134 249 247 217 172 241 222 162 182 138 157 169 216 197 213 127 144 237 193 156 148 207 173 220 218 200 130 240 235 146 174 121 143 202 228 136 163 179 233 196 211 122 204 248 231 119 123 116 176                                 
115 163 215 179 152 173 130 171 168 183 219 182 211 148 164 136 138 203 250 218 191 161 176 238 170 216 175 222 229 159 195 239 135 118 223 231 243 247 227 128 154 205 199 147 224 214 127 210 221 188 149 157 208 232 144 134 190 220 156 158 140 180 120 177 150 234 122 121 143 145                                
116 94 153 189 134 121 208 139 235 229 153 182 203 248 150 183 175 205 193 160 243 155 233 197 173 246 158 147 188 209 234 230 247 145 177 219 171 249 133 192 199 146 169 170 120 117 244 168 125 126 124 136 167 119 180 165 131 129 236 184 140 223 151 211 174 127 200 149 152 240 118 138 178 137 201 214 237 154 238 194                           
117 30 56 220 230 124 192 154 173 216 221 235 228 177 248 183 180 233 238 155 149 150 139 118 153 196 227 129 201 204 127 209 156 125 123 205 119 126 218 202 214 137 213 170 207 200 239 236 212 144 161 165 138 122 197 168 166                                      
118 225 163 147 160 197 158 245 221 172 151 229 208 123 205 124 233 178 248 199 226 188 246 184 185 155 152 227 161 125 194 235 138 153 198 171 217 122 207 126 215 204 238 163 143 195 166 179 176 230 159 173 231 145 191 214 181 234 165 119 131 225 212 177 150 242                                  
119 116 109 239 243 125 130 167 149 148 219 224 133 139 193 187 195 228 184 249 178 173 238 217 128 237 197 213 183 145 208 220 163 156 165 171 241 212 218 242 161 191 137 248 129 214 155 236 131 176 192 189 120 132 203 138 200 180 198 166 122 159 181 135 175 136 185                                 
120 161 169 221 191 171 197 180 185 209 159 172 179 166 122 145 150 174 160 244 133 175 136 195 141 201 198 249 153 223 219 129 144 246 199 202 169 137 239 206 156 229 177 155 158 152 203 228 178 208 222 207 181 168 230 146 235 210 211 123 232 233 139                                   
121 9 103 163 157 145 167 171 222 146 158 179 207 250 237 186 168 199 142 212 194 211 205 180 176 125 215 160 178 156 196 141 181 221 177 217 191 166 245 170 216 153 220 137 174 159 228 175 224 244 164 190 223 150 234 242 236 249 172 154 241 131 247 130 192 184                                  
122 104 198 200 235 217 247 151 202 230 244 129 170 249 150 208 193 215 250 177 137 211 218 157 178 144 134 246 228 184 232 179 223 231 227 190 220 140 143 135 136 219 124 188 162 185 243 191 233 214 195 175 164 154 145 167 133 182 189 213 180 159 173 126 163 205 245 242 201 132 166 153 131 216                              
123 89 63 172 178 208 160 148 200 249 142 141 159 204 213 152 176 247 187 229 244 203 232 149 175 134 167 168 225 206 185 218 147 205 233 131 183 174 151 144 207 195 197 212 130 162 241 143 196 164 219 242 220 236 146 126 129 150 189 137 132 228 154 127                                   
124 91 190 167 191 130 250 205 169 175 216 241 180 137 233 217 176 145 193 214 142 202 151 141 132 184 154 187 203 200 136 128 197 161 223 127 181 157 235 186 155 194 226 236 179 218 125 143 138 199 170 133 173 204 177 166 195 146 228 206 164 242                                    
125 109 219 149 234 189 183 193 199 164 221 201 198 216 177 147 136 224 150 148 132 153 248 241 204 219 205 215 175 181 190 243 130 171 226 185 206 191 129 179 236 228 212 169 161 174 240 211 146 192 143 250 165 184 218 210 156 237 217 195 140 238 249 245 162 135 134 176                                 
126 151 196 239 197 130 237 234 143 187 212 205 144 183 166 241 206 178 132 128 180 218 151 134 240 186 225 229 238 169 152 222 148 227 235 135 192 164 150 159 154 216 161 219 224 162 236 136 189 228 250 168 198 231 184 133 185 196 232 247 220 207 188 223 179                                  
127 99 202 181 163 205 147 164 221 187 237 155 216 234 188 175 168 240 169 137 193 242 146 214 154 186 138 233 248 179 171 227 202 170 178 232 156 143 219 153 144 199 166 152 197 162 238 222 213 151 243 139 245 194 225 228 249 176 189                                     
128 55 173 235 242 150 189 131 209 239 168 166 214 151 143 200 241 192 245 162 237 159 172 221 213 167 223 212 169 177 180 138 175 231 232 249 229 217 147 176 145 155 157 227 187 224 193 202 204 228 233 148 240 194 234 163 154 188 197 173 191                                    
129 90 155 170 159 192 204 141 179 132 147 244 137 131 239 165 187 138 168 218 206 142 166 208 156 245 181 145 211 200 232 163 195 194 135 240 247 249 178 171 250 143 214 207 198 220 229 136 186 219 146 174 237 175 226 172 160 213 134                                     
130 86 165 228 182 181 149 250 230 135 144 191 140 173 199 226 164 236 138 242 247 209 162 193 168 211 246 133 136 202 192 203 163 249 194 206 139 170 174 169 240 154 178 231 157 207 195 190 186 155 208 167 131 134 232 143 146 198 217 187 166 153 214 172 219 184 235 189 224 225 188                               
131 214 159 179 250 143 226 239 248 220 195 196 206 194 192 240 215 235 180 247 230 214 233 188 229 149 243 183 140 212 177 148 150 216 231 205 167 238 189 249 134 144 172 193 213 236 175 190 199 160 187 132 218 198 186 142 133 245 155 182 161 152 147                                   
132 174 197 232 199 189 210 144 225 183 188 211 155 194 160 138 205 158 243 228 139 200 208 241 170 231 174 223 216 249 157 175 134 236 152 204 180 166 198 179 212 136 244 239 221 145 245 147 190 215 222 230 218 173 234 226 151 137 162 185 227 217 237 172 146 238 177 176 209 247 153 184 141 182                              
133 67 125 212 174 192 194 191 219 147 169 164 222 180 215 135 246 234 161 238 179 199 195 184 167 173 216 175 242 244 231 197 140 223 205 224 250 196 208 156 134 155 177 181 189 157 182 144 227 168 239 139 249 236 158 145 160 146 235 163 226 201 137 153 204                                  
134 208 165 245 212 147 213 190 215 142 137 230 207 192 206 227 152 170 237 164 203 249 216 189 180 231 181 211 241 163 167 140 172 155 234 210 183 222 136 159 154 157 233 171 220 195 209 177 182 223 138 238 161 153 186 205 193 187 160 229 226 166 144 250                                   
135 1 242 149 187 208 144 220 161 162 188 160 146 197 171 243 226 246 183 247 209 181 244 204 223 225 218 157 214 240 136 241 175 182 201 236 167 168 155 215 169 221 205 239 216 248 139 237 210 224 177 158 159 180 195 238 179 185 202 212                                     
136 132 250 144 142 151 165 183 150 158 218 222 191 195 210 248 189 156 208 219 171 182 212 223 200 213 185 162 217 242 192 161 199 190 230 152 207 141 231 249 184 244 238 232 179 180 139 177 175 176 186 205 228                                        
137 172 232 173 199 170 219 175 192 152 231 214 249 197 208 196 230 195 228 174 165 234 157 221 236 227 172 226 190 168 246 217 215 200 206 150 235 238 183 211 216 159 145 220 149 223 140 209 201 233 247 164 166 191 225                                       
138 249 144 197 245 249 180 169 244 148 219 243 190 213 201 154 218 204 211 225 227 226 194 177 178 223 166 176 202 157 250 198 229 145 238 232 215 199 172 184 174 210 207 248 140 165 214 142 167 150 221 203 192 179 141 182 241                                      
139 125 242 142 243 230 174 172 166 231 244 247 185 148 175 212 155 192 167 176 143 165 213 246 236 221 154 184 197 158 233 249 162 186 250 188 159 150 196 248 152 224 222 211 240 225 168 151 217 164 191 181 190 180 245 235 173 198 226                                     
140 118 198 221 241 193 228 250 199 167 248 217 194 240 179 191 213 245 246 243 212 151 157 227 205 201 242 215 170 156 142 187 197 234 178 226 196 189 177 237 161 185 152 198 153 214 154 146 143 182 204 244 169 158 216 211 173 220 164 148 160 175 155 150 181 141                                  
141 171 60 176 201 185 156 220 231 232 189 145 190 217 215 148 210 250 177 181 149 226 169 203 192 235 164 241 159 194 180 187 196 223 229 171 245 158 243 174 209 238 198 228 186 193 248 249 162 144 222 155 224 237                                        
142 123 158 249 214 182 243 225 201 186 172 237 155 216 250 156 234 219 211 196 229 145 165 185 224 222 168 159 221 232 209 180 181 176 236 144 175 200 179 228 194 198 157 245 208 240 147 217 223 183 150 235 242 153 161 191 203 227 148 188                                     
143 225 164 234 202 207 250 220 233 186 150 226 219 210 201 158 216 153 235 227 175 222 246 240 162 224 209 145 196 156 204 166 241 211 247 173 223 212 192 244 180 238 206 165 169 154 230 144 148 228 188 181 249 182 164 245 215 184 194 167                                     
144 87 193 166 198 211 209 176 216 152 204 206 235 181 237 219 240 162 168 161 171 187 146 170 231 190 203 232 241 229 157 184 192 195 250 221 244 169 201 158 174 245 208 178 156 220 218 147 175 149 180 159 163 239 234 191 183                                      
145 58 136 231 249 203 236 208 166 230 198 154 233 193 195 225 235 206 232 244 238 173 212 234 174 218 227 229 191 220 146 201 248 160 199 171 170 210 214 172 202 164 247 155 175 197 178 188 159 150 246 186 182 205 243 168                                       
146 165 83 164 191 243 163 213 158 166 188 162 201 184 160 161 147 218 171 202 248 198 150 159 231 168 240 208 207 210 228 173 178 233 211 222 238 185 195 209 192 204 181 219 190 186 189 179 241 244 239 224 170 176                                        
147 193 96 151 225 232 218 170 148 181 195 157 221 149 209 239 202 241 227 249 242 212 150 174 173 169 153 178 207 176 244 187 179 197 159 164 248 235 166 156 203 180 214 194 163 200 236 231 240 188 246 152 238                                        
148 70 97 190 195 231 177 221 150 200 206 162 238 187 207 225 156 189 250 160 159 204 235 220 182 219 217 168 242 176 179 241 226 215 227 212 172 175 233 239 154 157 232 161 170 198 208 197 201 164 196 186 203 245 152 202 240 181                                      
149 7 151 223 243 182 169 165 215 188 180 189 229 168 152 196 163 175 154 166 232 200 172 197 157 159 191 162 231 177 242 160 181 216 185 184 235 167 153 228 239 238 161 241 230 247 204 174 178 179 192 234 158 250 211 244 170 212 219                                     
150 42 110 169 170 181 185 228 163 215 166 244 201 177 214 165 204 235 194 202 189 219 210 174 225 175 248 193 232 223 220 245 203 164 249 239 213 246 211 179 229 230 217 197 199 183 234 226 198 207 184                                         
151 230 171 177 174 172 204 225 202 217 203 164 199 226 215 211 232 208 227 171 210 175 206 201 240 192 191 213 221 236 153 154 188 223 224 250 182 245 228 219 158 196 209 239 242 214 169 186 193                                          
152 133 159 173 185 165 225 210 154 161 194 169 241 222 242 191 212 205 201 235 245 202 239 236 228 197 208 199 215 207 244 190 219 198 243 246 178 234 196 195 214 175 226 184 160 227 159 174 158 230 153 211 233 179 193                                       
153 6 57 206 226 207 169 160 202 211 214 204 244 198 167 180 193 236 210 203 235 179 172 220 213 219 229 188 249 228 245 192 165 158 222 155 176 182 209 159 196 174 162 212 175 233 154 171 208 218 190 243 195 239                                        
154 174 183 183 214 231 230 168 156 225 223 164 162 217 155 163 172 201 158 173 185 226 248 219 169 210 175 212 232 190 157 188 196 182 250 167 238 166 199 234 213                                              
155 179 99 196 216 231 210 161 169 167 200 184 198 185 244 222 187 211 218 199 181 204 202 225 241 193 203 172 180 229 232 245 234 226 186 215 157 250 212 207 220 171 183 189 221 192 197 237 174 156 175                                         
156 45 181 167 241 174 180 178 234 165 239 221 188 222 249 219 203 225 192 205 209 184 217 218 247 236 194 220 213 232 250 191 183 159 201 189 166 228 157 216 244 238 214                                             
157 109 85 205 247 170 182 248 165 245 200 169 206 180 240 204 189 250 221 229 195 175 184 242 192 203 193 220 215 191 187 198 209 171 237 212 201 162 249 216 234 228                                              
158 96 250 234 211 199 189 174 237 177 208 250 178 185 214 168 218 224 194 165 231 187 162 193 203 170 217 235 221 242 225 186 236 188 201 191 219 204 228 164 163 232 223 184 207 197 247 183 172                                          
159 147 103 164 184 190 186 171 245 205 238 197 214 161 218 219 226 215 229 168 216 178 188 237 195 167 236 169 201 247 202 223 198 189 217 180 213 220 240 206 232 200 177 194 228 224 243 170 192 182 249 242                                         
160 126 144 242 174 171 221 176 250 181 213 246 166 179 222 225 200 218 236 241 202 224 245 203 248 217 198 186 227 178 243 232 163 164 204 175 207 235 219 223 170 183 237 190 210 209                                            
161 71 120 241 172 186 189 206 164 209 212 224 237 245 239 181 242 213 188 166 246 216 211 171 220 193 230 221 185 200 182 229 210 194 199 205 202 177 218 198 228 243 227 178 223 238 168 179 184 236 204                                         
162 91 167 240 170 177 211 218 238 204 229 176 167 169 250 182 191 185 243 186 247 187 215 245 236 227 183 205 232 196 200 231 203 237 195 172 228 202 223 210 164 235 201 225 213 249 220 184 178 214                                          
163 169 91 249 220 180 202 213 172 229 217 230 226 194 187 224 242 198 173 236 233 232 239 222 166 204 237 209 192 190 238 206 228 203 174 189 244 245 212 177 216 181 246 183 184 227 215 196 211 221                                          
164 161 195 184 166 176 209 175 225 248 220 212 178 170 239 172 217 204 226 218 243 165 214 246 233 200 238 186 250 174 194 180 192 232 171 241 207 179 177 188 167                                              
165 148 237 218 171 213 183 173 216 235 195 244 240 210 220 187 230 222 200 180 178 237 239 179 232 211 207 170 224 233 204 212 166 229 169 185 246 243 228 208 186 238 225 205 191 188 214                                           
166 73 82 225 198 204 174 238 197 206 184 190 182 227 224 237 170 244 213 207 172 177 199 188 180 194 214 186 232 209 195 250 234 179 239 242 202 212 191 246 187 201 218 233 185                                            
167 68 150 209 238 246 223 190 220 193 226 243 247 242 189 230 191 229 197 235 206 212 239 176 203 186 198 233 174 195 192 240 181 225                                                  
168 238 219 241 179 171 235 211 172 224 188 194 174 226 214 222 175 206 203 218 234 173 191 212 238 217 249 213 181 237 205 209 207 220 176 198 245 199 243 197 185 250 196 228 189 192 180                                           
169 48 131 239 216 201 190 229 222 245 206 238 180 215 244 228 237 230 189 227 210 225 246 184 185 177 181 207 196 194 213 232 187 203 182 197 188 202 241 200 191 174 217 212 211 242 186 235 224                                          
170 46 141 181 248 209 218 178 237 221 244 204 171 222 215 194 191 211 245 187 219 238 241 207 225 208 197 177 179 203 172 232 198 200 250 201 199 188 180 249 184                                              
171 164 122 192 239 180 198 186 208 216 245 236 238 231 209 181 203 230 185 226 232 249 223 229 243 190 191 233 189 188 174 222 184 195 193 172 201 204 248 241 218                                              
172 166 97 211 184 194 173 217 222 213 224 201 219 243 233 205 232 197 207 241 177 215 186 246 231 240 191 187 193 196 175 180 212 206 225 214 230 176 229                                               
173 216 205 226 245 185 175 188 211 231 192 209 224 204 202 216 213 181 203 182 230 248 174 208 219 187 198 194 197 200 201 233 178 193 218 234 186 241 220 223 236 205                                              
174 103 235 188 177 190 241 204 189 198 194 225 221 201 193 224 192 233 235 234 200 205 230 179 191 222 223 213 228 181 220 231 184 242 218 247 219 246 245                                               
175 209 195 250 229 182 230 210 186 222 212 227 209 218 206 197 239 192 187 199 177 190 231 193 233 224 183 185 235 247 217 188 237 198 205 181 245 180 211 194 216 213                                              
176 169 245 184 222 182 236 246 226 189 245 239 229 208 228 178 187 238 205 207 223 224 186 227 199 179 188 204 194 202 234 193 244 216 213 241 180 237 231 195 214 230 196 220                                             
177 141 223 236 186 232 190 247 224 199 215 193 246 227 189 179 240 214 201 181 234 180 183 211 191 200 196 242 231 198 220 241 233 192 238 197 249                                                
178 69 196 234 181 221 229 243 188 195 224 182 209 210 245 179 216 230 201 219 248 218 235 197 204 211 180 190 247 186 217 215 232 249 225 220 250 241 213 198 227                                              
179 38 248 241 217 224 212 221 226 190 229 222 187 244 214 197 248 236 201 233 192 189 202 208 242 245 204 235 211 194 219 218 250 184 239 231 238                                                
180 212 124 182 203 190 211 201 188 184 207 187 215 245 198 189 208 235 192 216 199 195 232 230 194 183 221 237 249 222 217 223 244 247 181 193 231 186 238 239 224 229 202                                             
181 118 55 222 211 199 206 218 235 225 185 223 250 191 248 236 244 207 247 216 210 183 238 227 186 214 221 228 215 220 245 219 208 230 224 232 239 242 229 240 233                                              
182 157 168 250 208 206 183 246 239 238 243 190 204 217 236 228 242 249 186 241 235 245 213 220 229 194 240 216 227 237 244                                                   
183 34 232 192 246 221 228 195 208 224 186 231 209 215 243 210 197 184 249 225 211 230 190 200 203 217 245 187 239 237 188 235 236 194 233 238 199                                                
184 195 62 220 246 223 227 239 231 198 194 234 185 200 247 201 241 191 216 235 229 206 203 202 221 214 197 238 236 222 211 213 245 190 208 204 225 193 230 187 218 243                                              
185 136 56 242 218 207 222 201 219 202 241 208 191 229 224 196 238 234 220 198 248 203 240 226 237 225 233 199 215 194 193 223 230 200 211 239 212 236 246                                               
186 130 80 250 215 196 235 198 199 203 191 231 223 224 249 201 242 222 225 205 187 230 210 233 213 241 214 190 209 245 243 221 193 188 239 229 238 228                                                
187 116 192 193 189 234 212 244 190 195 200 250 221 213 191 224 203 235 229 242 222 223 225 206 198 192 220 205 215 207 231 210 226 194 188                                                 
188 68 246 201 195 190 233 197 213 241 236 230 194 189 214 229 242 205 244 225 249 226 208 231 235 204 215 238 209 246 248 220 212 198 245                                                 
189 119 235 227 203 192 245 244 194 202 234 206 223 246 204 197 195 191 211 221 196 214 243 250 212 222 225 213 236 233 238 249 201                                                  
190 120 201 246 229 215 197 195 218 203 220 202 207 247 211 217 232 239 248 209 222 233 198 219 242 200 224 216 243 231 201 212 250 210 236 193 223                                                
191 73 140 247 218 208 246 243 244 238 222 200 216 195 226 205 210 219 235 214 228 237 248 211 207 227 241 217 194 223 233                                                   
192 215 61 196 244 215 224 222 200 205 218 243 208 204 202 219 217 230 216 245 209 225 249 197 234 228 227 223                                                     
193 176 117 210 216 243 241 247 238 214 198 226 211 244 249 231 212 228 213 207 201 230 196 223 239 220 235 237 219 229 209 233                                                   
194 114 180 231 245 202 243 201 211 207 212 249 197 247 206 217 215 237 203 250 199 241 218 222 195 209 204 235 225 229 200 198 233 205                                                  
195 245 161 250 237 202 244 247 207 200 199 221 203 238 235 214 246 249 245 230 233 228 209 208 248 222 227 226 239 211 201 241 229 243                                                  
196 237 59 218 239 205 232 242 250 208 247 217 246 233 225 210 202 238 249 234 226 228 227 221 236 207 214 216 209 219 231 245                                                   
197 227 168 220 249 208 203 227 232 245 224 207 237 247 225 248 216 222 228 209 226 214 201 202 236 205 204 230 206 212                                                    
198 24 60 232 202 199 219 207 250 243 225 215 221 241 201 227 233 228 248 234 200 246 214 230 229 245 218                                                     
199 173 227 246 210 200 245 207 228 229 247 240 233 202 213 224 241 215 237 209 238 243 217 219 218 201 231 223 208 204 227 221                                                   
200 77 204 203 241 220 230 226 229 239 215 218 250 236 212 238 204 231 221 222 207 247 240 237 232 228 217 214                                                     
201 120 107 250 230 228 204 231 222 219 206 207 225 235 215 214 241 220 237 212 233 224 246 221 226 249 213 242 216 244                                                    
202 114 99 206 247 249 224 217 242 218 225 250 235 222 230 244 241 231 207 246 215 216 214 213 245 229 237 221 226 234                                                    
203 213 251 235 225 229 222 237 234 226 217 224 245 249 244 243 240 213 231 207 214 236 242 246 228 239 232 238                                                     
204 173 216 209 215 234 224 222 239 231 208 246 249 228 240 211 232 235 241 237 244 214 245 226 206 210 243 236 238                                                    
205 24 239 222 240 214 241 239 236 228 229 220 221 248 237 233 211 207 223 213 250 209 238 227                                                       
206 184 151 214 225 236 215 213 211 209 220 240 218 232 233 229 246 241 221 237 222 245 248 227 207 212 235 244 231                                                    
207 241 167 244 245 239 225 228 233 216 242 226 213 235 248 210 220 240 229 217 250 212 209                                                       
208 204 212 241 215 226 229 234 236 248 247 218 230 250 249 238 240 216 237 214 213 211                                                        
209 158 97 247 231 223 216 249 232 246 218 230 238 248 217 225 211 242 235 233 229 221 237 222 234 244 227 210 220 212 241 215 226                                                  
210 103 164 230 216 242 233 232 246 226 249 220 219 217 211 218 227 213 240 222 215 247 243 248                                                       
211 12 241 226 229 242 219 247 238 231 245 213 228 212 250 214 227 221 230 222 233 225 236 235 243 216                                                      
212 199 102 249 219 234 230 224 218 247 220 239 214 231 226 237 213 240 241                                                         
213 86 81 249 237 242 219 241 222 243 238 229 231 244 218 246 223 240 239 225 221 224                                                        
214 136 222 246 245 243 224 240 216 223 244 247 250 228 220 219 248 217 233 249 222 225 229                                                       
215 245 69 244 250 234 231 224 222 227 235 238 240 245 225                                                           
216 240 243 217 222 244 226 231 243 224 245 249 229 218 242 230                                                           
217 168 208 247 242 236 232 218 229 233 241 249 219 245 226 248 224 237 223 225 243 246                                                        
218 188 211 232 228 236 250 243 226 237 220 238 235 241 229 245 222 244                                                          
219 185 239 222 247 230 238 248 228 226 229 234 245 224 240                                                           
220 215 192 236 226 237 234 246 242 247 243 227 224 241 225 231                                                           
221 24 116 229 225 246 237 233 228 232 242 236 234 239 238 245 227 250 231 223                                                         
222 160 128 232 225 240 245 227 226 234 248 242 246 230 237 229 247                                                          
223 145 158 229 235 247 240 232 244 248 237 242 243 245 241 246 226                                                          
224 6 138 246 230 240 239 226 234 243 241 242 249 231                                                            
225 49 214 239 232 236 247 233 245 243 229 246 249 235 242 237 241 230                                                          
226 39 68 233 249 240 232 236 239 230 231 237 241 229 244 235 250 243                                                          
227 108 147 248 237 241 244 243 245 242 230 246 247 238 232 229                                                           
228 17 131 235 230 237 233 242 232 239 249 248 240 231 229 238 241                                                          
229 79 78 249 237 239 240 235 242 246 234 231 244                                                            
230 165 79 236 243 233 249 237 250 238 242                                                             
231 148 84 250 248 233 242 241 240 232 236 237                                                             
232 209 90 238 250 245 243 241 233 242 249                                                             
233 139 83 241 236 240 247 237 242 235 243 248                                                             
234 163 240 249 239 247 236 240                                                               
235 201 55 236 243 248 244 250 238 239 242                                                             
236 154 72 249 243 241 248 240 242 247                                                              
237 159 96 247 242 243 246 244 249 250 238                                                             
238 146 127 241 244 240 239 246 247 248 242                                                             
239 52 189 241 247 246 242                                                               
240 73 142 249 242 243                                                                
241 152 241 243 250 249 242                                                               
242 102 179 250 249 244 245 243                                                               
243 1 149 248 246 247 249                                                               
244 199 227 249 247 248                                                                
245 126 106 249 250 246                                                                
246 114 167 250 247                                                                
247 242 220 250                                                                 
248 127 63 249 250                                                                
249 17 83 250                                                                 
250 93 208                                                                 
